1, 1, 1 0 o g 0 0 y 
1, 1, 2 0 0 g 0 0 y 
1, 1, 3 r 0 g 0 0 y 
1, 2, 1 0 o g 0 0 0 
1, 2, 2 0 0 g 0 0 0 
1, 2, 3 r 0 g 0 0 0 
1, 3, 1 0 o g 0 w 0 
1, 3, 2 0 0 g 0 w 0 
1, 3, 3 b 0 r 0 w 0 
2, 1, 1 0 o 0 0 0 y 
2, 1, 2 0 0 0 0 0 y 
2, 1, 3 r 0 0 0 0 y 
2, 2, 1 0 o 0 0 0 0 
2, 2, 2 0 0 0 0 0 0 
2, 2, 3 r 0 0 0 0 0 
2, 3, 1 0 o 0 0 w 0 
2, 3, 2 0 0 0 0 w 0 
2, 3, 3 r 0 0 0 w 0 
3, 1, 1 0 o 0 b 0 y 
3, 1, 2 0 0 0 b 0 y 
3, 1, 3 r 0 0 b 0 y 
3, 2, 1 0 o 0 b 0 0 
3, 2, 2 0 0 0 b 0 0 
3, 2, 3 r 0 0 b 0 0 
3, 3, 1 0 o 0 b w 0 
3, 3, 2 0 0 0 b w 0 
3, 3, 3 r 0 0 b w 0 
