1, 1, 1 0 y b 0 0 o 
1, 1, 2 0 0 b 0 0 o 
1, 1, 3 w 0 b 0 0 o 
1, 2, 1 0 y b 0 0 0 
1, 2, 2 0 0 b 0 0 0 
1, 2, 3 w 0 b 0 0 0 
1, 3, 1 0 y b 0 r 0 
1, 3, 2 0 0 b 0 r 0 
1, 3, 3 w 0 b 0 r 0 
2, 1, 1 0 y 0 0 0 o 
2, 1, 2 0 0 0 0 0 o 
2, 1, 3 w 0 0 0 0 o 
2, 2, 1 0 y 0 0 0 0 
2, 2, 2 0 0 0 0 0 0 
2, 2, 3 w 0 0 0 0 0 
2, 3, 1 0 y 0 0 r 0 
2, 3, 2 0 0 0 0 r 0 
2, 3, 3 w 0 0 0 r 0 
3, 1, 1 0 y 0 g 0 o 
3, 1, 2 0 0 0 g 0 o 
3, 1, 3 w 0 0 g 0 o 
3, 2, 1 0 y 0 g 0 0 
3, 2, 2 0 0 0 g 0 0 
3, 2, 3 w 0 0 g 0 0 
3, 3, 1 0 y 0 g r 0 
3, 3, 2 0 0 0 g r 0 
3, 3, 3 w 0 0 g r 0 
