50 138
32 2
31 15
23 32
13 37
35 25
25 48
50 42
22 3
1 6
8 26
24 11
49 25
3 18
36 3
24 49
48 20
28 31
12 19
20 35
4 27
17 42
49 38
39 13
45 36
41 8
19 29
31 21
46 49
19 38
24 29
45 27
2 4
2 35
15 48
36 23
7 31
33 28
30 17
35 3
19 43
26 13
8 4
7 49
22 3
44 24
13 30
21 8
7 14
12 36
14 29
20 12
19 9
31 30
3 9
8 28
25 27
8 1
43 18
46 50
34 3
11 25
34 31
1 37
3 1
50 10
12 24
27 35
27 13
36 42
46 24
25 24
8 12
25 14
13 20
31 30
12 36
32 29
35 37
21 27
9 34
47 36
43 39
25 14
5 32
29 23
4 44
1 42
2 22
44 11
32 11
19 10
28 10
21 1
2 41
43 43
5 32
42 36
27 9
35 41
28 12
19 28
27 37
30 30
47 43
41 49
36 23
22 48
47 16
2 50
42 1
42 31
25 24
12 27
49 46
7 9
34 8
30 24
29 1
11 7
1 13
34 47
19 31
1 19
20 22
24 49
5 48
24 29
48 49
49 37
45 19
12 40
33 1
20 30
42 4
36 11
43 2
15 33
16 50
